MusicVolume:4.491546
SFXVolume:4.491546